4b1814
Switzerland
-1.5332
41.7579
11803.38
239.12
43.17
0.33
a09281
United States
-84.5661
34.0082
411.48
37.45
344.05
-1.95
3c403f
Germany
13.5186
52.3744
None
4.63
278.44
None
aa9321
United States
-120.0231
35.2522
11163.3
255.29
130.91
-12.35
4b1812
Switzerland
5.3426
42.6391
11300.46
213.17
33.88
1.3
407a2a
United Kingdom
17.7096
49.5295
11849.1
232
33.51
-0.33
4b1813
Switzerland
-3.0799
42.2625
11209.02
237.22
73.88
0
ade18c
United States
-87.336
28.347
11734.8
269.61
112.55
0
842194
Japan
141.5327
42.1291
7269.48
213.64
24.47
-13.98
4b1804
Switzerland
16.5127
51.3259
11209.02
214.23
244.54
0
3264