a89ea5
United States
-97.4006
35.8706
586.74
49.09
354.59
-1.95
aa56db
United States
-105.8331
31.7625
11574.78
221.83
98
0
7c6b2f
Australia
149.4523
-33.9928
12016.74
199.24
263.77
0
aa56da
United States
-108.5533
36.5171
12176.76
250.54
113.09
0
7c6b2b
Australia
145.7559
-39.9217
9677.4
220.3
157.63
-0.33
a77ec5
United States
-94.4897
42.1328
12115.8
186.86
272.05
0.33
abd9d9
United States
-108.8322
35.0276
12793.98
241.08
103.32
0
7c6b40
Australia
138.2313
-34.6964
3931.92
189.05
340.78
10.08
7c1bd8
Australia
145.4177
-38.2674
1173.48
64.51
256.63
-2.93
a305fd
United States
-93.2139
44.6484
3261.36
143.59
354.86
-7.48
5049