a89ea5
United States
-97.3998
35.8658
594.36
51.26
349.59
-0.65
aa56db
United States
-106.2718
31.8147
11582.4
224.85
103.5
0
7c6b2f
Australia
150.0948
-33.9332
9563.1
204.01
263.48
8.13
aa56da
United States
-109.3075
36.7718
12184.38
253.27
112.45
0
7c6b2b
Australia
145.7559
-39.9217
9677.4
220.3
157.63
-0.33
a77ec5
United States
-93.8013
42.1128
12108.18
202.37
272.48
-0.33
abd9d9
United States
-109.5738
35.1695
12801.6
242.23
102.89
0
7c6b40
Australia
138.4809
-34.9807
579.12
100.6
235.42
5.53
7c1bd8
Australia
145.601
-38.2404
1424.94
52.29
256.92
0.98
a305fd
United States
-93.4307
44.2507
5524.5
184.47
21.77
-8.78
5117