a89ea5
United States
-97.4006
35.8706
586.74
49.09
354.59
-1.95
aa56db
United States
-105.8331
31.7625
11574.78
221.83
98
0
7c6b2f
Australia
149.619
-33.9777
11803.38
191.45
263.83
13.33
aa56da
United States
-108.7618
36.5882
12184.38
251.09
112.78
0
7c6b2b
Australia
145.7559
-39.9217
9677.4
220.3
157.63
-0.33
a77ec5
United States
-94.305
42.1279
12115.8
194.59
272.12
0.33
abd9d9
United States
-109.0324
35.0663
12793.98
240.46
103.23
0
7c6b40
Australia
138.2854
-34.8239
2918.46
183.52
340.85
14.96
7c1bd8
Australia
145.4721
-38.2576
1341.12
60.24
262.15
-2.6
a305fd
United States
-93.2427
44.5452
3794.76
159.21
26.9
-5.85
5063