a89ea5
United States
-97.4006
35.8706
586.74
49.09
354.59
-1.95
aa56db
United States
-105.8331
31.7625
11574.78
221.83
98
0
7c6b2f
Australia
149.5784
-33.9814
11978.64
189.35
263.92
4.23
aa56da
United States
-108.7118
36.5712
12176.76
251.09
112.78
0
7c6b2b
Australia
145.7559
-39.9217
9677.4
220.3
157.63
-0.33
a77ec5
United States
-94.3527
42.1291
12115.8
192.54
272.14
0.33
abd9d9
United States
-108.9816
35.0565
12793.98
240.46
103.23
0
7c6b40
Australia
138.2718
-34.7918
3200.4
184.83
340.66
12.35
7c1bd8
Australia
145.4583
-38.2595
1303.02
61.15
259.82
-1.63
a305fd
United States
-93.2242
44.5713
3680.46
153.46
26.91
-5.53
5041