a89ea5
United States
-97.4066
35.8432
563.88
40.6
81.25
4.55
aa56db
United States
-106.2718
31.8147
11582.4
224.85
103.5
0
7c6b2f
Australia
150.2021
-33.9229
9098.28
199.92
263.35
9.75
aa56da
United States
-109.4349
36.8141
12184.38
253.07
112.34
0.33
7c6b2b
Australia
145.7374
-39.8872
9677.4
220.78
157.68
0
a77ec5
United States
-93.6803
42.1089
12100.56
201.87
272.63
0
abd9d9
United States
-109.7033
35.1937
12801.6
242.73
102.86
0
7c6b40
Australia
138.5198
-34.9567
137.16
84.45
230.69
13.66
7c1bd8
Australia
145.6296
-38.2343
1417.32
49.55
257.41
-0.33
a305fd
United States
-93.4672
44.1714
6019.8
187.12
8.22
-9.75
5099