a89ea5
United States
-97.4006
35.8706
586.74
49.09
354.59
-1.95
aa56db
United States
-105.8331
31.7625
11574.78
221.83
98
0
7c6b2f
Australia
149.7962
-33.9614
10607.04
216.9
263.6
7.8
aa56da
United States
-108.9667
36.6574
12184.38
251.09
112.78
0
7c6b2b
Australia
145.7559
-39.9217
9677.4
220.3
157.63
-0.33
a77ec5
United States
-94.1166
42.1225
12108.18
199.77
272.36
0.98
abd9d9
United States
-109.2359
35.1055
12801.6
241.34
103.06
0
7c6b40
Australia
138.3352
-34.9442
1988.82
165.02
336.87
5.85
7c1bd8
Australia
145.5228
-38.2528
1417.32
53.86
263.42
0
a305fd
United States
-93.3165
44.4385
4396.74
168.88
26.02
-8.78
5046