a89ea5
United States
-97.4006
35.8706
586.74
49.09
354.59
-1.95
aa56db
United States
-105.9029
31.7709
11574.78
221.18
97.75
0
7c6b2f
Australia
149.9117
-33.9506
10111.74
216.39
263.58
11.38
aa56da
United States
-109.097
36.7013
12184.38
252.04
112.69
0.33
7c6b2b
Australia
145.7559
-39.9217
9677.4
220.3
157.63
-0.33
a77ec5
United States
-93.9961
42.1188
12108.18
199.26
272.37
0
abd9d9
United States
-109.3653
35.1302
12801.6
241.96
103.15
0.33
7c6b40
Australia
138.3893
-34.9921
1661.16
125.55
310.35
12.03
7c1bd8
Australia
145.5535
-38.2509
1402.08
54.88
263.54
0.65
a305fd
United States
-93.3639
44.3685
4869.18
173.16
24.2
-9.1
5074