a89ea5
United States
-97.4006
35.8706
586.74
49.09
354.59
-1.95
aa56db
United States
-106.2718
31.8147
11582.4
224.85
103.5
0
7c6b2f
Australia
150.0507
-33.9375
9707.88
207.13
263.44
6.83
aa56da
United States
-109.2531
36.7537
12184.38
252.79
112.49
0
7c6b2b
Australia
145.7559
-39.9217
9677.4
220.3
157.63
-0.33
a77ec5
United States
-93.8508
42.1144
12108.18
201.85
272.48
0
abd9d9
United States
-109.5204
35.1595
12801.6
242.23
102.89
0
7c6b40
Australia
138.461
-34.9922
685.8
115.78
234.4
7.8
7c1bd8
Australia
145.5895
-38.2424
1424.94
52.79
257.05
-2.93
a305fd
United States
-93.4144
44.2801
5387.34
181.22
21.83
-6.5
5095