a89ea5
United States
-97.3972
35.8581
617.22
50.95
343.58
-1.95
aa56db
United States
-106.2718
31.8147
11582.4
224.85
103.5
0
7c6b2f
Australia
150.1171
-33.9311
9479.28
202.99
263.45
8.13
aa56da
United States
-109.3331
36.7803
12184.38
253.27
112.45
0
7c6b2b
Australia
145.7559
-39.9217
9677.4
220.3
157.63
-0.33
a77ec5
United States
-93.7781
42.112
12108.18
202.37
272.48
-0.33
abd9d9
United States
-109.6007
35.1745
12801.6
242.23
102.89
0
7c6b40
Australia
138.4893
-34.976
533.4
94.91
234.93
4.55
7c1bd8
Australia
145.6063
-38.2394
1424.94
52.41
256.37
0.33
a305fd
United States
-93.4393
44.2353
5615.94
185.42
21.65
-9.75
5102