a89ea5
United States
-97.4006
35.8706
586.74
49.09
354.59
-1.95
aa56db
United States
-105.8331
31.7625
11574.78
221.83
98
0
7c6b2f
Australia
149.7023
-33.9701
11087.1
211.17
263.71
15.93
aa56da
United States
-108.8657
36.6233
12184.38
251.09
112.78
0
7c6b2b
Australia
145.7559
-39.9217
9677.4
220.3
157.63
-0.33
a77ec5
United States
-94.2127
42.1253
12108.18
197.7
272.24
0
abd9d9
United States
-109.1327
35.0856
12793.98
241.08
103.32
0.33
7c6b40
Australia
138.3104
-34.8845
2385.06
180.9
341.77
6.5
7c1bd8
Australia
145.498
-38.2546
1402.08
55.8
264.71
-0.65
a305fd
United States
-93.2784
44.494
4038.6
167.49
26.25
-8.78
5062