a89ea5
United States
-97.4006
35.8706
586.74
49.09
354.59
-1.95
aa56db
United States
-105.8331
31.7625
11574.78
221.83
98
0
7c6b2f
Australia
149.5172
-33.9869
12009.12
195.09
263.79
0.33
aa56da
United States
-108.6334
36.5445
12176.76
251.02
113.04
0
7c6b2b
Australia
145.7559
-39.9217
9677.4
220.3
157.63
-0.33
a77ec5
United States
-94.4214
42.131
12115.8
188.92
272.03
-0.33
abd9d9
United States
-108.9052
35.0417
12793.98
240.46
103.23
0.33
7c6b40
Australia
138.2521
-34.7457
3581.4
185.97
340.61
11.7
7c1bd8
Australia
145.4391
-38.2629
1249.68
62.64
255.74
-1.95
a305fd
United States
-93.2096
44.6082
3505.2
144.06
0.82
-8.13
5052