a89ea5
United States
-97.4006
35.8706
586.74
49.09
354.59
-1.95
aa56db
United States
-105.8331
31.7625
11574.78
221.83
98
0
7c6b2f
Australia
149.8208
-33.9591
10530.84
215.88
263.57
7.15
aa56da
United States
-108.9947
36.6668
12184.38
251.37
112.63
0
7c6b2b
Australia
145.7559
-39.9217
9677.4
220.3
157.63
-0.33
a77ec5
United States
-94.0918
42.1217
12108.18
199.77
272.36
1.3
abd9d9
United States
-109.2642
35.1109
12801.6
241.34
103.06
-0.33
7c6b40
Australia
138.3444
-34.9581
1935.48
155.63
321.58
4.55
7c1bd8
Australia
145.5293
-38.2523
1417.32
52.68
264.96
-0.65
a305fd
United States
-93.326
44.4246
4495.8
169.56
26.1
-9.1
5047