a89ea5
United States
-97.4006
35.8706
586.74
49.09
354.59
-1.95
aa56db
United States
-105.8331
31.7625
11574.78
221.83
98
0
7c6b2f
Australia
149.5571
-33.9833
12009.12
191.96
263.85
0.98
aa56da
United States
-108.6844
36.5619
12176.76
251.29
112.89
0
7c6b2b
Australia
145.7559
-39.9217
9677.4
220.3
157.63
-0.33
a77ec5
United States
-94.3764
42.1298
12115.8
192
272
-0.65
abd9d9
United States
-108.9553
35.0514
12793.98
240.46
103.23
0
7c6b40
Australia
138.2648
-34.7754
3337.56
185.49
340.56
13.66
7c1bd8
Australia
145.4513
-38.2606
1287.78
61.66
257.47
-1.95
a305fd
United States
-93.216
44.5841
3627.12
149.44
20.56
-4.88
5055