a89ea5
United States
-97.4006
35.8706
586.74
49.09
354.59
-1.95
aa56db
United States
-105.856
31.7653
11574.78
221.83
98
0
7c6b2f
Australia
149.8664
-33.9548
10378.44
214.29
263.66
11.7
aa56da
United States
-109.0454
36.6839
12184.38
251.56
112.74
0
7c6b2b
Australia
145.7559
-39.9217
9677.4
220.3
157.63
-0.33
a77ec5
United States
-94.043
42.1203
12108.18
199.26
272.37
-0.98
abd9d9
United States
-109.3129
35.1202
12801.6
241.46
103.18
0
7c6b40
Australia
138.3675
-34.9762
1828.8
139.19
311.7
6.83
7c1bd8
Australia
145.541
-38.2517
1402.08
54.1
266.73
0.33
a305fd
United States
-93.3453
44.3965
4678.68
171.63
26.33
-9.1
5057