a89ea5
United States
-97.4006
35.8706
586.74
49.09
354.59
-1.95
aa56db
United States
-106.2718
31.8147
11574.78
221.75
97.87
0.33
7c6b2f
Australia
149.9585
-33.9462
9951.72
215.37
263.55
6.83
aa56da
United States
-109.1499
36.7191
12184.38
252.99
112.6
0
7c6b2b
Australia
145.7559
-39.9217
9677.4
220.3
157.63
-0.33
a77ec5
United States
-93.9465
42.1173
12108.18
200.8
272.35
0
abd9d9
United States
-109.4205
35.1408
12801.6
242.34
103
0
7c6b40
Australia
138.4116
-35.0045
1318.26
123.39
286.47
21.13
7c1bd8
Australia
145.5654
-38.2484
1424.94
53.2
251.39
-1.95
a305fd
United States
-93.3807
44.3402
5036.82
175.2
21.9
-9.1
5080