a89ea5
United States
-97.4006
35.8706
586.74
49.09
354.59
-1.95
aa56db
United States
-105.8331
31.7625
11574.78
221.83
98
0
7c6b2f
Australia
149.6806
-33.9721
11224.26
208.1
263.61
18.21
aa56da
United States
-108.8375
36.6138
12184.38
250.89
112.67
0
7c6b2b
Australia
145.7559
-39.9217
9677.4
220.3
157.63
-0.33
a77ec5
United States
-94.2359
42.1259
12108.18
196.65
272.1
0.33
abd9d9
United States
-109.1094
35.0811
12793.98
240.96
103.21
0
7c6b40
Australia
138.3043
-34.8695
2476.5
183.99
341.41
10.4
7c1bd8
Australia
145.4916
-38.2552
1379.22
57.62
262.3
-2.6
a305fd
United States
-93.2693
44.5072
3954.78
168.41
26.1
-8.13
5056