a89ea5
United States
-97.3954
35.8466
624.84
49.18
37.35
0.65
aa56db
United States
-106.2718
31.8147
11582.4
224.85
103.5
0
7c6b2f
Australia
150.1802
-33.925
9204.96
200.43
263.37
9.43
aa56da
United States
-109.4113
36.8064
12184.38
253.27
112.45
0
7c6b2b
Australia
145.7474
-39.9059
9677.4
220.3
157.63
-0.33
a77ec5
United States
-93.7035
42.1096
12100.56
201.85
272.48
0.33
abd9d9
United States
-109.6774
35.1888
12801.6
242.73
102.86
0
7c6b40
Australia
138.5125
-34.9616
304.8
82.6
230.56
15.93
7c1bd8
Australia
145.6254
-38.2353
1409.7
52.08
253.35
0.65
a305fd
United States
-93.4629
44.1869
5920.74
187.21
12.7
-10.08
5102