a89ea5
United States
-97.4006
35.8706
586.74
49.09
354.59
-1.95
aa56db
United States
-105.8331
31.7625
11574.78
221.83
98
0
7c6b2f
Australia
149.4737
-33.9908
12016.74
198.72
263.76
0
aa56da
United States
-108.5793
36.526
12176.76
251.02
113.04
0
7c6b2b
Australia
145.7559
-39.9217
9677.4
220.3
157.63
-0.33
a77ec5
United States
-94.4678
42.1322
12115.8
186.86
272.05
0
abd9d9
United States
-108.8525
35.0315
12793.98
240.46
103.23
0
7c6b40
Australia
138.2381
-34.7125
3832.86
187.91
340.82
11.38
7c1bd8
Australia
145.4238
-38.2661
1203.96
63.47
253.03
-2.6
a305fd
United States
-93.2123
44.6358
3345.18
143.59
354.86
-7.48
5053