a89ea5
United States
-97.4006
35.8706
586.74
49.09
354.59
-1.95
aa56db
United States
-105.8331
31.7625
11574.78
221.83
98
0
7c6b2f
Australia
149.7492
-33.9657
10805.16
216.34
263.72
11.7
aa56da
United States
-108.9142
36.6397
12184.38
251.09
112.78
0
7c6b2b
Australia
145.7559
-39.9217
9677.4
220.3
157.63
-0.33
a77ec5
United States
-94.1644
42.1239
12108.18
198.73
272.23
-0.33
abd9d9
United States
-109.1854
35.0958
12801.6
241.46
103.18
0
7c6b40
Australia
138.3226
-34.9152
2209.8
173.09
341.46
14.96
7c1bd8
Australia
145.5105
-38.2539
1417.32
53.15
265.56
-0.33
a305fd
United States
-93.2969
44.4669
4213.86
167.95
26.17
-8.78
5048