a89ea5
United States
-97.4006
35.8706
586.74
49.09
354.59
-1.95
aa56db
United States
-105.9029
31.7709
11574.78
221.18
97.75
0
7c6b2f
Australia
149.8894
-33.9527
10248.9
214.8
263.67
13
aa56da
United States
-109.0703
36.6923
12184.38
252.04
112.69
0
7c6b2b
Australia
145.7559
-39.9217
9677.4
220.3
157.63
-0.33
a77ec5
United States
-94.0192
42.1195
12108.18
199.26
272.37
-1.3
abd9d9
United States
-109.3399
35.1254
12801.6
241.46
103.18
0
7c6b40
Australia
138.378
-34.9839
1744.98
132.27
311.69
7.8
7c1bd8
Australia
145.5471
-38.2513
1402.08
53.29
263.9
0
a305fd
United States
-93.3543
44.3834
4762.5
172.58
25.42
-9.1
5055