a89ea5
United States
-97.4006
35.8706
586.74
49.09
354.59
-1.95
aa56db
United States
-105.8331
31.7625
11574.78
221.83
98
0
7c6b2f
Australia
149.4945
-33.9889
12016.74
197.13
263.86
-0.33
aa56da
United States
-108.6056
36.535
12176.76
250.82
112.94
0
7c6b2b
Australia
145.7559
-39.9217
9677.4
220.3
157.63
-0.33
a77ec5
United States
-94.445
42.1316
12115.8
187.89
272.04
-0.33
abd9d9
United States
-108.8786
35.0366
12793.98
240.46
103.23
0
7c6b40
Australia
138.2451
-34.7291
3710.94
186.94
340.72
12.03
7c1bd8
Australia
145.4306
-38.2646
1234.44
62.14
255.62
-2.6
a305fd
United States
-93.2106
44.6223
3429
143.5
355.27
-7.8
5052