a89ea5
United States
-97.4006
35.8706
586.74
49.09
354.59
-1.95
aa56db
United States
-106.2718
31.8147
11582.4
224.85
103.5
0
7c6b2f
Australia
150.0067
-33.9417
9822.18
211.79
263.44
4.23
aa56da
United States
-109.202
36.7366
12184.38
252.79
112.49
-0.33
7c6b2b
Australia
145.7559
-39.9217
9677.4
220.3
157.63
-0.33
a77ec5
United States
-93.8991
42.1159
12108.18
201.83
272.34
0.33
abd9d9
United States
-109.4695
35.15
12801.6
242.12
102.77
0
7c6b40
Australia
138.4386
-35.0043
899.16
127.09
245.61
14.96
7c1bd8
Australia
145.5776
-38.2452
1424.94
54.35
252.94
0.33
a305fd
United States
-93.3976
44.3101
5227.32
178.64
21.99
-9.1
5085